test:
  mae: 3.653442354785607
  mape: 33.86584354361853
  max_error: 145.89510955810547
  r2: 0.867050542554928
  rmse: 12.952063538861188
val:
  mae: 3.692976700802447
  mape: 33.678815933370515
  max_error: 146.8183750152588
  r2: 0.8697753065991554
  rmse: 12.811695533061235
