test:
  mae: 3.405673489065889
  mape: 30.755225598536455
  max_error: 146.2671283721924
  r2: 0.8695277876846162
  rmse: 12.830828342841224
val:
  mae: 3.5033967198371156
  mape: 31.50089140227032
  max_error: 146.53481330871583
  r2: 0.8704797347732641
  rmse: 12.776997209471537
